NUTS level,NUTS code,region,1997,1998,1999,2000,2001,2002,2003,2004,2005,2006,2007,2008,2009,2010,2011,2012,2013,2014,2015,2016,2017,20181
UK,UK,United Kingdom,10799.0,11050.0,11551.0,12271.0,12679.0,13044.0,13383.0,13890.0,14439.0,15024.0,15756.0,16169.0,16433.0,16603.0,16842.0,17486.0,18091.0,18651.0,19533.0,19719.0,20172.0,21109.0
Other,UK0,England,11058.0,11328.0,11850.0,12576.0,12985.0,13331.0,13663.0,14166.0,14730.0,15324.0,16083.0,16477.0,16766.0,16923.0,17141.0,17822.0,18456.0,19043.0,20000.0,20207.0,20658.0,21609.0
NUTS1,UKC,North East,9295.0,9372.0,9726.0,10333.0,10736.0,10973.0,11267.0,11752.0,12026.0,12468.0,12827.0,13112.0,13679.0,13921.0,14121.0,14710.0,14984.0,15347.0,15858.0,15971.0,16364.0,16995.0
NUTS2,UKC1,Tees Valley and Durham,9240.0,9234.0,9642.0,10222.0,10646.0,10851.0,11052.0,11544.0,11887.0,12301.0,12613.0,12860.0,13366.0,13632.0,13827.0,14382.0,14602.0,15073.0,15519.0,15591.0,16020.0,16585.0
NUTS3,UKC11,Hartlepool and Stockton-on-Tees,9324.0,9255.0,9741.0,10229.0,10604.0,10972.0,11247.0,11738.0,12186.0,12667.0,12997.0,13326.0,13768.0,14026.0,14392.0,14832.0,14893.0,15387.0,15745.0,15814.0,16465.0,17243.0
NUTS3,UKC12,South Teesside,9019.0,8710.0,9178.0,9757.0,10198.0,10295.0,10482.0,10897.0,11278.0,11774.0,11987.0,12248.0,12914.0,13043.0,13289.0,14082.0,14243.0,14861.0,15204.0,15219.0,15553.0,15764.0
NUTS3,UKC13,Darlington,9607.0,9553.0,9759.0,10613.0,11430.0,11573.0,11764.0,12129.0,12426.0,12642.0,13281.0,13263.0,13921.0,13953.0,13848.0,14477.0,14878.0,15109.0,15730.0,16281.0,16729.0,17140.0
NUTS3,UKC14,Durham CC,9248.0,9459.0,9830.0,10406.0,10768.0,10952.0,11121.0,11681.0,11952.0,12318.0,12607.0,12850.0,13271.0,13664.0,13796.0,14274.0,14574.0,15004.0,15517.0,15524.0,15876.0,16542.0
NUTS2,UKC2,Northumberland and Tyne and Wear,9339.0,9485.0,9795.0,10424.0,10810.0,11074.0,11444.0,11923.0,12140.0,12606.0,13004.0,13321.0,13938.0,14160.0,14364.0,14981.0,15299.0,15574.0,16138.0,16285.0,16649.0,17333.0
NUTS3,UKC21,Northumberland,10311.0,10429.0,10971.0,11730.0,12123.0,12380.0,12938.0,13286.0,13663.0,14454.0,14838.0,15707.0,16680.0,16603.0,16782.0,17390.0,17797.0,18113.0,18723.0,19006.0,19504.0,20437.0
NUTS3,UKC22,Tyneside,9255.0,9475.0,9647.0,10200.0,10625.0,10868.0,11197.0,11770.0,11845.0,12228.0,12607.0,12758.0,13315.0,13623.0,13798.0,14437.0,14693.0,15009.0,15612.0,15636.0,15901.0,16605.0
NUTS3,UKC23,Sunderland,8552.0,8512.0,8952.0,9649.0,9911.0,10235.0,10505.0,10851.0,11297.0,11640.0,12098.0,12268.0,12662.0,12973.0,13291.0,13861.0,14273.0,14381.0,14786.0,15161.0,15666.0,16000.0
NUTS1,UKD,North West,9792.0,9965.0,10490.0,11063.0,11389.0,11749.0,12095.0,12505.0,12940.0,13357.0,13913.0,14151.0,14642.0,14793.0,14987.0,15486.0,15916.0,16332.0,17046.0,17122.0,17580.0,18362.0
NUTS2,UKD1,Cumbria,9992.0,10408.0,10725.0,11186.0,11906.0,12112.0,12651.0,13208.0,13662.0,14220.0,14845.0,15104.0,15772.0,16201.0,16368.0,17087.0,17623.0,18102.0,18848.0,18979.0,19567.0,20416.0
NUTS3,UKD11,West Cumbria,9043.0,9409.0,9681.0,10364.0,10929.0,10939.0,11380.0,11953.0,12264.0,12890.0,13741.0,13981.0,14437.0,14890.0,15154.0,15949.0,16288.0,16721.0,17518.0,17611.0,18144.0,18879.0
NUTS3,UKD12,East Cumbria,10890.0,11344.0,11705.0,11950.0,12812.0,13193.0,13814.0,14348.0,14920.0,15412.0,15832.0,16111.0,16969.0,17375.0,17455.0,18099.0,18806.0,19326.0,20027.0,20187.0,20816.0,21764.0
NUTS2,UKD3,Greater Manchester,9620.0,9765.0,10399.0,10979.0,11247.0,11556.0,11782.0,12122.0,12515.0,12929.0,13421.0,13583.0,13960.0,14085.0,14274.0,14756.0,15158.0,15542.0,16201.0,16274.0,16721.0,17511.0
NUTS3,UKD33,Manchester,7164.0,7444.0,8155.0,8565.0,8896.0,9323.0,9450.0,9683.0,10083.0,10393.0,10761.0,10965.0,11435.0,11532.0,11719.0,12030.0,12428.0,12748.0,13433.0,13536.0,14089.0,14864.0
NUTS3,UKD34,Greater Manchester South West,11949.0,12085.0,12741.0,13494.0,13704.0,14074.0,14368.0,14788.0,15247.0,15637.0,16164.0,16341.0,16552.0,16513.0,16728.0,17213.0,17548.0,17901.0,19119.0,19312.0,19959.0,21188.0
NUTS3,UKD35,Greater Manchester South East,9893.0,10024.0,10735.0,11378.0,11577.0,11920.0,12250.0,12506.0,12966.0,13474.0,14005.0,14236.0,14802.0,15063.0,15389.0,15906.0,16330.0,16915.0,17700.0,18014.0,18444.0,19369.0
NUTS3,UKD36,Greater Manchester North West,9963.0,10047.0,10607.0,11192.0,11488.0,11730.0,11942.0,12365.0,12702.0,13139.0,13668.0,13750.0,14049.0,14194.0,14328.0,14846.0,15188.0,15432.0,15652.0,15550.0,16007.0,16577.0
NUTS3,UKD37,Greater Manchester North East,9084.0,9218.0,9796.0,10352.0,10661.0,10898.0,11096.0,11471.0,11838.0,12269.0,12776.0,12920.0,13274.0,13426.0,13568.0,14139.0,14635.0,15067.0,15630.0,15590.0,15797.0,16357.0
NUTS2,UKD4,Lancashire,9543.0,9682.0,10058.0,10693.0,11048.0,11308.0,11586.0,11997.0,12500.0,12889.0,13443.0,13781.0,14341.0,14460.0,14714.0,15009.0,15331.0,15735.0,16423.0,16534.0,16916.0,17620.0
NUTS3,UKD41,Blackburn with Darwen,8468.0,8496.0,8983.0,9127.0,9344.0,9322.0,9653.0,9898.0,10454.0,10778.0,10979.0,10953.0,11205.0,11602.0,11581.0,11775.0,11881.0,12312.0,12702.0,12753.0,13081.0,13741.0
NUTS3,UKD42,Blackpool,9573.0,9725.0,9906.0,10717.0,10861.0,10976.0,10785.0,10963.0,11149.0,11422.0,11979.0,12243.0,12803.0,13005.0,13503.0,13620.0,13840.0,14265.0,14831.0,15166.0,15429.0,15986.0
NUTS3,UKD44,Lancaster and Wyre,9215.0,9434.0,9780.0,10467.0,10864.0,11254.0,11602.0,11999.0,12468.0,12888.0,13453.0,13824.0,14577.0,14663.0,14913.0,15211.0,15670.0,16045.0,16463.0,16509.0,17080.0,17525.0
NUTS3,UKD45,Mid Lancashire,10817.0,10960.0,11324.0,12056.0,12530.0,12795.0,13162.0,13622.0,14165.0,14582.0,15135.0,15471.0,16090.0,16119.0,16320.0,16683.0,16931.0,17487.0,18286.0,18464.0,18941.0,19786.0
NUTS3,UKD46,East Lancashire,8292.0,8446.0,8813.0,9352.0,9665.0,9938.0,10174.0,10650.0,11196.0,11593.0,12251.0,12729.0,13199.0,13303.0,13522.0,13776.0,14213.0,14381.0,15014.0,15244.0,15547.0,16206.0
NUTS3,UKD47,Chorley and West Lancashire,10372.0,10452.0,10944.0,11701.0,12108.0,12456.0,12818.0,13301.0,13875.0,14275.0,14884.0,15262.0,15859.0,15945.0,16359.0,16762.0,17074.0,17534.0,18657.0,18441.0,18648.0,19568.0
NUTS2,UKD6,Cheshire,11370.0,11555.0,12187.0,12791.0,13064.0,13782.0,14482.0,15100.0,15619.0,16073.0,16721.0,17047.0,17499.0,17556.0,17792.0,18554.0,19194.0,19854.0,20989.0,20926.0,21544.0,22581.0
NUTS3,UKD61,Warrington,10427.0,10649.0,11192.0,12113.0,12633.0,12894.0,13245.0,14015.0,14375.0,14833.0,15643.0,15670.0,15837.0,16026.0,16418.0,17285.0,17440.0,18087.0,19306.0,19051.0,19403.0,20291.0
NUTS3,UKD62,Cheshire East,12120.0,12349.0,13007.0,13523.0,13727.0,14604.0,15429.0,15898.0,16473.0,16975.0,17554.0,17926.0,18431.0,18461.0,18716.0,19406.0,20433.0,21232.0,22673.0,22605.0,23253.0,24524.0
NUTS3,UKD63,Cheshire West and Chester,11104.0,11218.0,11879.0,12391.0,12594.0,13410.0,14177.0,14864.0,15413.0,15814.0,16440.0,16895.0,17467.0,17478.0,17597.0,18377.0,18885.0,19401.0,20141.0,20206.0,20958.0,21818.0
NUTS2,UKD7,Merseyside,9350.0,9513.0,9998.0,10516.0,10811.0,11192.0,11533.0,11891.0,12273.0,12651.0,13237.0,13450.0,14047.0,14245.0,14384.0,14884.0,15311.0,15633.0,16218.0,16339.0,16759.0,17430.0
NUTS3,UKD71,East Merseyside,8267.0,8397.0,8892.0,9624.0,10066.0,10351.0,10670.0,11135.0,11646.0,12038.0,12704.0,12980.0,13476.0,13634.0,13830.0,14242.0,14571.0,14884.0,15541.0,15811.0,16117.0,16720.0
NUTS3,UKD72,Liverpool,8464.0,8522.0,9066.0,9543.0,10004.0,10279.0,10538.0,10910.0,11126.0,11670.0,12109.0,12107.0,12651.0,12895.0,13051.0,13474.0,13902.0,14316.0,14833.0,14865.0,15233.0,15848.0
NUTS3,UKD73,Sefton,11423.0,11686.0,12010.0,12043.0,11787.0,12297.0,12682.0,13089.0,13687.0,13947.0,14445.0,14739.0,15621.0,15831.0,15965.0,16625.0,17152.0,17249.0,18011.0,18146.0,18803.0,19551.0
NUTS3,UKD74,Wirral,10282.0,10554.0,11079.0,11781.0,12125.0,12684.0,13136.0,13291.0,13562.0,13791.0,14557.0,14923.0,15501.0,15690.0,15746.0,16364.0,16849.0,17248.0,17708.0,17772.0,18252.0,19048.0
NUTS1,UKE,Yorkshire and The Humber,9666.0,9948.0,10433.0,10986.0,11280.0,11625.0,11940.0,12304.0,12664.0,13090.0,13653.0,13826.0,14177.0,14266.0,14558.0,14995.0,15364.0,15777.0,16433.0,16461.0,16912.0,17665.0
NUTS2,UKE1,East Yorkshire and Northern Lincolnshire,9238.0,9485.0,10070.0,10561.0,10790.0,11176.0,11515.0,11919.0,12300.0,12694.0,13232.0,13383.0,13722.0,13869.0,14317.0,14655.0,14818.0,15193.0,15861.0,15966.0,16469.0,17230.0
NUTS3,UKE11,"Kingston upon Hull, City of",7432.0,7691.0,8208.0,9009.0,9466.0,9752.0,9791.0,9967.0,10190.0,10284.0,10673.0,10974.0,11474.0,11573.0,11944.0,12261.0,12434.0,12852.0,13257.0,13410.0,13663.0,14032.0
NUTS3,UKE12,East Riding of Yorkshire,10751.0,10918.0,11814.0,12123.0,12046.0,12542.0,13063.0,13660.0,14278.0,14885.0,15322.0,15487.0,15933.0,16125.0,16533.0,16866.0,17073.0,17472.0,18503.0,18494.0,19211.0,20350.0
NUTS3,UKE13,North and North East Lincolnshire,9272.0,9568.0,9867.0,10254.0,10581.0,10920.0,11305.0,11692.0,11958.0,12369.0,13117.0,13132.0,13228.0,13363.0,13909.0,14266.0,14378.0,14687.0,15204.0,15393.0,15879.0,16549.0
NUTS2,UKE2,North Yorkshire,11379.0,12042.0,12390.0,12594.0,13026.0,13594.0,13971.0,14214.0,14967.0,15799.0,16432.0,16737.0,17427.0,17310.0,17686.0,18378.0,18754.0,19094.0,20082.0,20069.0,20566.0,21698.0
NUTS3,UKE21,York,10500.0,11178.0,11981.0,12336.0,12860.0,13399.0,13523.0,13145.0,13476.0,14137.0,14975.0,15060.0,15618.0,15667.0,15903.0,16594.0,16955.0,17578.0,18272.0,18297.0,18937.0,19777.0
NUTS3,UKE22,North Yorkshire CC,11656.0,12315.0,12519.0,12676.0,13079.0,13656.0,14114.0,14559.0,15447.0,16333.0,16900.0,17275.0,18011.0,17845.0,18273.0,18968.0,19355.0,19604.0,20697.0,20671.0,21120.0,22354.0
NUTS2,UKE3,South Yorkshire,8983.0,9185.0,9714.0,10288.0,10691.0,10977.0,11276.0,11671.0,11935.0,12248.0,12693.0,12855.0,13219.0,13347.0,13595.0,14032.0,14396.0,14920.0,15386.0,15431.0,15862.0,16541.0
NUTS3,UKE31,"Barnsley, Doncaster and Rotherham",8744.0,8977.0,9529.0,10161.0,10484.0,10738.0,11079.0,11361.0,11745.0,12138.0,12671.0,12742.0,13059.0,13311.0,13687.0,14187.0,14624.0,15147.0,15625.0,15684.0,16110.0,16799.0
NUTS3,UKE32,Sheffield,9333.0,9489.0,9984.0,10473.0,10994.0,11329.0,11567.0,12127.0,12211.0,12408.0,12725.0,13021.0,13453.0,13399.0,13462.0,13809.0,14073.0,14596.0,15046.0,15073.0,15512.0,16179.0
NUTS2,UKE4,West Yorkshire,9665.0,9870.0,10328.0,11015.0,11215.0,11496.0,11788.0,12158.0,12428.0,12787.0,13406.0,13548.0,13777.0,13891.0,14116.0,14503.0,14957.0,15348.0,15998.0,16000.0,16426.0,17086.0
NUTS3,UKE41,Bradford,9320.0,9454.0,9931.0,10584.0,10503.0,10752.0,10864.0,11291.0,11393.0,11646.0,12133.0,12296.0,12526.0,12496.0,12642.0,13019.0,13467.0,13931.0,14503.0,14461.0,14794.0,15319.0
NUTS3,UKE42,Leeds,10168.0,10342.0,10819.0,11623.0,11944.0,12230.0,12499.0,12715.0,12994.0,13401.0,14102.0,14351.0,14571.0,14721.0,15098.0,15400.0,15848.0,16206.0,16852.0,16940.0,17473.0,18236.0
NUTS3,UKE44,Calderdale and Kirklees,9508.0,9768.0,10217.0,10820.0,11059.0,11311.0,11689.0,12147.0,12472.0,12840.0,13446.0,13509.0,13749.0,13885.0,14116.0,14597.0,15076.0,15469.0,16150.0,16035.0,16382.0,17124.0
NUTS3,UKE45,Wakefield,9318.0,9599.0,10004.0,10636.0,10909.0,11294.0,11756.0,12235.0,12634.0,13042.0,13717.0,13742.0,13982.0,14215.0,14222.0,14626.0,15047.0,15389.0,16101.0,16184.0,16655.0,17135.0
NUTS1,UKF,East Midlands,9862.0,10074.0,10525.0,11033.0,11428.0,11749.0,12188.0,12623.0,13033.0,13451.0,14237.0,14414.0,14643.0,14681.0,15025.0,15548.0,15979.0,16442.0,17162.0,17160.0,17638.0,18277.0
NUTS2,UKF1,Derbyshire and Nottinghamshire,9388.0,9674.0,10172.0,10614.0,11064.0,11430.0,11839.0,12270.0,12601.0,13053.0,13784.0,13992.0,14234.0,14168.0,14402.0,14923.0,15422.0,15881.0,16642.0,16670.0,17036.0,17651.0
NUTS3,UKF11,Derby,9314.0,9418.0,9852.0,9929.0,10367.0,10800.0,11044.0,11457.0,11477.0,12200.0,12530.0,12437.0,13070.0,12725.0,12748.0,13480.0,13924.0,14590.0,15102.0,15080.0,15406.0,15964.0
NUTS3,UKF12,East Derbyshire,8634.0,8929.0,9551.0,9968.0,10716.0,11033.0,11196.0,11558.0,11944.0,12548.0,13246.0,13208.0,13399.0,13426.0,13731.0,14243.0,14553.0,14927.0,15833.0,15624.0,16025.0,16731.0
NUTS3,UKF13,South and West Derbyshire,9662.0,9929.0,10482.0,11018.0,11406.0,11830.0,12665.0,13247.0,13802.0,14291.0,15036.0,15310.0,15474.0,15523.0,16157.0,16671.0,17416.0,17760.0,18878.0,19062.0,19392.0,20195.0
NUTS3,UKF14,Nottingham,8310.0,8563.0,9009.0,9404.0,9557.0,9747.0,9850.0,9745.0,9943.0,10165.0,10641.0,10841.0,10853.0,10860.0,10920.0,11200.0,11815.0,12107.0,12594.0,12782.0,12996.0,13138.0
NUTS3,UKF15,North Nottinghamshire,9057.0,9458.0,9864.0,10517.0,10884.0,11300.0,11625.0,12251.0,12551.0,12806.0,13713.0,14012.0,14342.0,14280.0,14385.0,14787.0,15077.0,15649.0,16484.0,16407.0,16752.0,17596.0
NUTS3,UKF16,South Nottinghamshire,11034.0,11336.0,11852.0,12195.0,12838.0,13201.0,13702.0,14212.0,14589.0,15133.0,16162.0,16595.0,16822.0,16684.0,16795.0,17594.0,18103.0,18665.0,19160.0,19245.0,19855.0,20283.0
NUTS2,UKF2,"Leicestershire, Rutland and Northamptonshire",10395.0,10499.0,10929.0,11550.0,11893.0,12177.0,12627.0,13067.0,13500.0,13943.0,14789.0,14858.0,15039.0,15126.0,15570.0,16123.0,16524.0,16995.0,17764.0,17731.0,18310.0,18957.0
NUTS3,UKF21,Leicester,8383.0,8184.0,8639.0,9183.0,9448.0,9731.0,9930.0,10156.0,10155.0,10360.0,10846.0,10704.0,11009.0,11260.0,11329.0,11768.0,12011.0,12305.0,12698.0,12894.0,13126.0,13269.0
NUTS3,UKF22,Leicestershire CC and Rutland,11110.0,11315.0,11723.0,12236.0,12563.0,12956.0,13548.0,14072.0,14547.0,14927.0,15703.0,15811.0,16137.0,16247.0,16603.0,17091.0,17429.0,17905.0,18665.0,18482.0,19072.0,19752.0
NUTS3,UKF24,West Northamptonshire,10903.0,11044.0,11496.0,12323.0,12751.0,12919.0,13280.0,13724.0,14307.0,14945.0,16118.0,16161.0,16095.0,16154.0,17178.0,17910.0,18395.0,18979.0,19987.0,20082.0,20894.0,21774.0
NUTS3,UKF25,North Northamptonshire,10256.0,10407.0,10774.0,11436.0,11762.0,11941.0,12443.0,12941.0,13594.0,14209.0,15205.0,15458.0,15520.0,15460.0,15824.0,16427.0,17028.0,17544.0,18470.0,18386.0,19024.0,19830.0
NUTS2,UKF3,Lincolnshire,10059.0,10298.0,10645.0,11076.0,11423.0,11697.0,12195.0,12630.0,13215.0,13467.0,14265.0,14600.0,14906.0,15135.0,15562.0,16016.0,16309.0,16761.0,17239.0,17211.0,17770.0,18446.0
NUTS3,UKF30,Lincolnshire,10059.0,10298.0,10645.0,11076.0,11423.0,11697.0,12195.0,12630.0,13215.0,13467.0,14265.0,14600.0,14906.0,15135.0,15562.0,16016.0,16309.0,16761.0,17239.0,17211.0,17770.0,18446.0
NUTS1,UKG,West Midlands,9866.0,10192.0,10581.0,11155.0,11523.0,11839.0,12096.0,12491.0,12760.0,13213.0,13614.0,13967.0,14280.0,14441.0,14685.0,15097.0,15559.0,16086.0,16829.0,17086.0,17409.0,18222.0
NUTS2,UKG1,"Herefordshire, Worcestershire and Warwickshire",11207.0,11682.0,12066.0,12707.0,13203.0,13630.0,13994.0,14562.0,15034.0,15715.0,16081.0,16557.0,16886.0,16929.0,17324.0,17854.0,18504.0,19169.0,20291.0,20830.0,21075.0,22094.0
NUTS3,UKG11,"Herefordshire, County of",10196.0,10635.0,10895.0,11499.0,12078.0,12469.0,12950.0,13540.0,13938.0,14763.0,15094.0,15659.0,16160.0,16565.0,17084.0,17450.0,18062.0,18295.0,19189.0,19301.0,19455.0,20478.0
NUTS3,UKG12,Worcestershire,11152.0,11742.0,12052.0,12487.0,12965.0,13449.0,13671.0,14359.0,15033.0,15799.0,15974.0,16340.0,16646.0,16547.0,16891.0,17391.0,18046.0,18693.0,19707.0,19999.0,20338.0,21468.0
NUTS3,UKG13,Warwickshire,11609.0,11977.0,12483.0,13361.0,13848.0,14220.0,14694.0,15124.0,15406.0,15948.0,16525.0,17085.0,17380.0,17447.0,17854.0,18471.0,19132.0,19963.0,21274.0,22215.0,22391.0,23285.0
NUTS2,UKG2,Shropshire and Staffordshire,10016.0,10375.0,10768.0,11207.0,11536.0,11874.0,12253.0,12563.0,12971.0,13529.0,14054.0,14522.0,14816.0,14957.0,15212.0,15640.0,16120.0,16580.0,17405.0,17532.0,17995.0,18841.0
NUTS3,UKG21,Telford and Wrekin,10129.0,10292.0,10548.0,10470.0,10334.0,10791.0,11344.0,11887.0,11896.0,12410.0,12961.0,13123.0,13424.0,13733.0,14255.0,14778.0,15093.0,15477.0,16186.0,16455.0,16701.0,17033.0
NUTS3,UKG22,Shropshire CC,10739.0,11319.0,11493.0,11905.0,12138.0,12526.0,13023.0,13566.0,13851.0,14654.0,15117.0,15939.0,16440.0,16457.0,16763.0,17096.0,17454.0,17922.0,18924.0,19295.0,19958.0,20851.0
NUTS3,UKG23,Stoke-on-Trent,8294.0,8393.0,8989.0,9385.0,9419.0,9592.0,9848.0,10145.0,10743.0,10886.0,11477.0,11627.0,11889.0,12067.0,12397.0,12784.0,13235.0,13521.0,14014.0,14193.0,14624.0,15485.0
NUTS3,UKG24,Staffordshire CC,10279.0,10670.0,11098.0,11653.0,12191.0,12533.0,12869.0,13055.0,13525.0,14125.0,14642.0,15136.0,15361.0,15503.0,15663.0,16121.0,16683.0,17205.0,18088.0,18086.0,18530.0,19454.0
NUTS2,UKG3,West Midlands,9160.0,9392.0,9778.0,10392.0,10715.0,10963.0,11097.0,11457.0,11548.0,11826.0,12169.0,12399.0,12722.0,12959.0,13133.0,13487.0,13855.0,14360.0,14888.0,15100.0,15380.0,16078.0
NUTS3,UKG31,Birmingham,8831.0,9055.0,9423.0,10065.0,10347.0,10568.0,10702.0,11041.0,11075.0,11435.0,11714.0,11950.0,12204.0,12473.0,12606.0,12911.0,13179.0,13733.0,14205.0,14362.0,14519.0,15281.0
NUTS3,UKG32,Solihull,12144.0,12483.0,13035.0,13947.0,15134.0,15619.0,15831.0,16158.0,16563.0,16782.0,17278.0,17541.0,17724.0,17829.0,18356.0,18949.0,19994.0,20703.0,22016.0,22255.0,22762.0,24146.0
NUTS3,UKG33,Coventry,9039.0,9076.0,9477.0,10315.0,10700.0,11029.0,11057.0,11554.0,11508.0,11683.0,12340.0,12587.0,12944.0,13186.0,13356.0,13577.0,13868.0,14156.0,14433.0,14646.0,14987.0,15353.0
NUTS3,UKG36,Dudley,9666.0,9935.0,10327.0,10843.0,10997.0,11150.0,11345.0,11810.0,11977.0,12326.0,12599.0,12747.0,13286.0,13642.0,13821.0,14364.0,14777.0,15209.0,15795.0,16076.0,16307.0,16881.0
NUTS3,UKG37,Sandwell,8222.0,8425.0,8799.0,9287.0,9473.0,9672.0,9842.0,10197.0,10325.0,10528.0,10759.0,10932.0,11288.0,11510.0,11704.0,12081.0,12292.0,12820.0,13376.0,13576.0,13814.0,14407.0
NUTS3,UKG38,Walsall,8895.0,9216.0,9536.0,9948.0,10108.0,10384.0,10479.0,10752.0,10848.0,11043.0,11351.0,11604.0,12001.0,12184.0,12362.0,12728.0,13200.0,13769.0,14243.0,14513.0,15011.0,15598.0
NUTS3,UKG39,Wolverhampton,8950.0,9254.0,9641.0,10092.0,10324.0,10542.0,10669.0,10952.0,11069.0,11284.0,11659.0,11975.0,12307.0,12468.0,12536.0,12812.0,13173.0,13600.0,14057.0,14399.0,14842.0,15570.0
NUTS1,UKH,East of England,11378.0,11589.0,12085.0,12846.0,13355.0,13769.0,13992.0,14396.0,14980.0,15439.0,16120.0,16645.0,17112.0,17206.0,17405.0,18062.0,18655.0,19230.0,20209.0,20547.0,21161.0,22205.0
NUTS2,UKH1,East Anglia,10424.0,10628.0,11067.0,11793.0,12219.0,12600.0,12770.0,13185.0,13821.0,14176.0,14820.0,15396.0,15796.0,16022.0,16210.0,16864.0,17333.0,17882.0,18702.0,18952.0,19426.0,20336.0
NUTS3,UKH11,Peterborough,9916.0,10183.0,10972.0,11684.0,11917.0,12158.0,12143.0,12248.0,12647.0,13300.0,13945.0,14100.0,14115.0,14361.0,14478.0,14929.0,15375.0,16099.0,16727.0,17040.0,17461.0,17968.0
NUTS3,UKH12,Cambridgeshire CC,11478.0,11842.0,12556.0,13175.0,13351.0,13955.0,13959.0,14588.0,15579.0,16226.0,16814.0,17173.0,17506.0,17607.0,17648.0,18415.0,19213.0,20106.0,20947.0,21452.0,22112.0,23413.0
NUTS3,UKH14,Suffolk,10198.0,10301.0,10639.0,11599.0,12131.0,12530.0,12779.0,13241.0,13784.0,14125.0,14694.0,15525.0,16057.0,16132.0,16222.0,16893.0,17322.0,17758.0,18660.0,18992.0,19515.0,20381.0
NUTS3,UKH15,Norwich and East Norfolk,10054.0,10205.0,10483.0,11054.0,11553.0,11796.0,12032.0,12296.0,12733.0,12781.0,13515.0,14100.0,14474.0,14865.0,15268.0,15833.0,16197.0,16493.0,17367.0,16946.0,17188.0,17907.0
NUTS3,UKH16,North and West Norfolk,9520.0,9679.0,10007.0,10629.0,11242.0,11532.0,11787.0,12060.0,12638.0,12737.0,13464.0,14134.0,14779.0,15328.0,15741.0,16385.0,16715.0,17068.0,17702.0,17826.0,18204.0,18961.0
NUTS3,UKH17,Breckland and South Norfolk,10362.0,10549.0,10725.0,11365.0,11911.0,12087.0,12340.0,12676.0,13208.0,13377.0,14152.0,14704.0,14956.0,15342.0,15693.0,16304.0,16402.0,16837.0,17631.0,18054.0,18399.0,19216.0
NUTS2,UKH2,Bedfordshire and Hertfordshire,12437.0,12732.0,13116.0,14091.0,14677.0,15079.0,15348.0,15724.0,16283.0,16949.0,17765.0,18172.0,18697.0,18734.0,18869.0,19606.0,20489.0,21192.0,22283.0,22669.0,23419.0,24581.0
NUTS3,UKH21,Luton,9269.0,8884.0,9393.0,9995.0,10567.0,10957.0,11234.0,11510.0,11732.0,11855.0,12220.0,12379.0,12624.0,12894.0,13033.0,13463.0,13713.0,14225.0,14600.0,15371.0,16118.0,16257.0
NUTS3,UKH23,Hertfordshire,13222.0,13738.0,14031.0,15189.0,15954.0,16273.0,16577.0,16969.0,17545.0,18369.0,19375.0,19778.0,20368.0,20256.0,20379.0,21257.0,22337.0,23184.0,24457.0,24769.0,25602.0,27072.0
NUTS3,UKH24,Bedford,11422.0,11415.0,11930.0,12488.0,12521.0,13072.0,13263.0,13671.0,14372.0,14899.0,15483.0,16060.0,16571.0,16897.0,17212.0,17567.0,18032.0,18565.0,19743.0,20234.0,21006.0,21986.0
NUTS3,UKH25,Central Bedfordshire,12116.0,12172.0,12776.0,13501.0,13660.0,14326.0,14469.0,14815.0,15462.0,15952.0,16447.0,16947.0,17429.0,17816.0,17926.0,18537.0,19326.0,19685.0,20560.0,20923.0,21275.0,22037.0
NUTS2,UKH3,Essex,11620.0,11759.0,12439.0,13035.0,13576.0,14049.0,14310.0,14737.0,15283.0,15681.0,16280.0,16850.0,17346.0,17316.0,17589.0,18165.0,18628.0,19101.0,20181.0,20579.0,21256.0,22366.0
NUTS3,UKH31,Southend-on-Sea,10642.0,10933.0,11539.0,12292.0,12935.0,13477.0,13809.0,13862.0,14246.0,14614.0,15134.0,15391.0,15900.0,16195.0,16312.0,16783.0,17392.0,17896.0,18900.0,19181.0,19770.0,21064.0
NUTS3,UKH32,Thurrock,10141.0,10217.0,10546.0,10748.0,11165.0,11862.0,12320.0,12646.0,13038.0,13425.0,14028.0,14513.0,14924.0,15135.0,15243.0,15652.0,16010.0,16710.0,17369.0,17922.0,18408.0,18976.0
NUTS3,UKH34,Essex Haven Gateway,10132.0,10311.0,11049.0,11611.0,12136.0,12626.0,12867.0,13347.0,13888.0,14244.0,14812.0,15384.0,16002.0,15941.0,16296.0,16857.0,17401.0,17742.0,18495.0,18799.0,19314.0,20196.0
NUTS3,UKH35,West Essex,13392.0,13543.0,14242.0,15005.0,15502.0,15881.0,16064.0,16702.0,17519.0,17935.0,18614.0,19327.0,19568.0,19330.0,19766.0,20498.0,20978.0,21445.0,23427.0,23660.0,24572.0,26039.0
NUTS3,UKH36,Heart of Essex,13632.0,13687.0,14471.0,15166.0,15727.0,16132.0,16336.0,16730.0,17286.0,17778.0,18435.0,19105.0,19584.0,19481.0,19676.0,20338.0,20856.0,21632.0,22781.0,23445.0,24328.0,25752.0
NUTS3,UKH37,Essex Thames Gateway,11450.0,11567.0,12261.0,12778.0,13370.0,13834.0,14118.0,14561.0,15047.0,15431.0,16000.0,16568.0,17152.0,17126.0,17383.0,17905.0,18166.0,18438.0,19386.0,19820.0,20470.0,21486.0
NUTS1,UKI,London,13121.0,13584.0,14444.0,15614.0,16119.0,16419.0,17051.0,17918.0,19008.0,19919.0,21402.0,22053.0,21922.0,22105.0,22030.0,23415.0,24641.0,25661.0,27277.0,27649.0,27923.0,29362.0
NUTS2,UKI3,Inner London - West,20600.0,21675.0,23134.0,25446.0,25577.0,25366.0,25963.0,27680.0,30148.0,32886.0,36763.0,39239.0,39314.0,38111.0,36948.0,39839.0,43927.0,46444.0,48767.0,48790.0,48866.0,51397.0
NUTS3,UKI31,Camden and City of London,18304.0,20364.0,21571.0,23812.0,23809.0,23803.0,24396.0,26012.0,28905.0,31701.0,35367.0,38559.0,38500.0,36990.0,35703.0,38406.0,41907.0,43141.0,45427.0,45999.0,45061.0,47401.0
NUTS3,UKI32,Westminster,20968.0,21901.0,23758.0,26048.0,26327.0,26116.0,26646.0,28368.0,30510.0,33444.0,37497.0,40459.0,41385.0,40467.0,39808.0,42855.0,47363.0,49849.0,53240.0,53336.0,53884.0,54847.0
NUTS3,UKI33,Kensington & Chelsea and Hammersmith & Fulham,27764.0,27820.0,28899.0,31180.0,30840.0,30334.0,31088.0,33100.0,35603.0,38887.0,43455.0,46346.0,46151.0,44865.0,43712.0,47605.0,53166.0,56946.0,59387.0,58389.0,58817.0,63286.0
NUTS3,UKI34,Wandsworth,13863.0,15435.0,17124.0,19412.0,19960.0,19932.0,20403.0,21862.0,24239.0,26260.0,29464.0,30635.0,30600.0,29625.0,28337.0,30225.0,32990.0,35234.0,36727.0,37486.0,37713.0,39573.0
NUTS2,UKI4,Inner London - East,10759.0,11133.0,12024.0,13090.0,13478.0,13804.0,14329.0,15147.0,16225.0,17275.0,18463.0,18824.0,18852.0,19425.0,19457.0,20537.0,21287.0,22178.0,23731.0,24194.0,24533.0,25824.0
NUTS3,UKI41,Hackney and Newham,6347.0,6969.0,7749.0,8829.0,9367.0,9753.0,10339.0,11190.0,12373.0,13431.0,14461.0,14777.0,15009.0,15263.0,15339.0,16207.0,17182.0,17851.0,19082.0,19784.0,20144.0,21118.0
NUTS3,UKI42,Tower Hamlets,13085.0,13313.0,14068.0,15130.0,15537.0,15683.0,16174.0,16895.0,17972.0,18862.0,19873.0,20231.0,20202.0,20538.0,20417.0,21245.0,21779.0,22294.0,23600.0,24478.0,24544.0,25949.0
NUTS3,UKI43,Haringey and Islington,15207.0,15439.0,16612.0,17815.0,18133.0,18476.0,18876.0,19761.0,20812.0,22086.0,23625.0,24049.0,23820.0,24407.0,24580.0,26019.0,26400.0,27484.0,29004.0,28487.0,28890.0,30494.0
NUTS3,UKI44,Lewisham and Southwark,9960.0,10353.0,11174.0,12145.0,12513.0,12876.0,13470.0,14276.0,15292.0,16247.0,17352.0,17675.0,17787.0,18729.0,18679.0,19748.0,20592.0,21630.0,22992.0,23444.0,23933.0,25046.0
NUTS3,UKI45,Lambeth,11074.0,11370.0,12389.0,13491.0,13809.0,14109.0,14608.0,15322.0,16325.0,17343.0,18617.0,19072.0,19035.0,19776.0,19863.0,21044.0,21952.0,23038.0,25862.0,27083.0,27310.0,29003.0
NUTS2,UKI5,Outer London - East and North East,11304.0,11547.0,12065.0,12818.0,13551.0,13862.0,14394.0,14986.0,15514.0,15886.0,16887.0,17267.0,17217.0,17474.0,17526.0,18538.0,19035.0,19615.0,20780.0,21300.0,21664.0,22654.0
NUTS3,UKI51,Bexley and Greenwich,12771.0,12843.0,13420.0,14103.0,14753.0,15020.0,15491.0,16012.0,16438.0,16828.0,17795.0,18172.0,18187.0,18476.0,18467.0,19293.0,19760.0,20457.0,21354.0,22131.0,22501.0,23558.0
NUTS3,UKI52,Barking & Dagenham and Havering,10287.0,10635.0,11113.0,11808.0,12546.0,12900.0,13484.0,14066.0,14562.0,14920.0,15904.0,16340.0,16313.0,16521.0,16674.0,17611.0,18045.0,18337.0,19228.0,19631.0,19722.0,20673.0
NUTS3,UKI53,Redbridge and Waltham Forest,11026.0,11249.0,11823.0,12601.0,13392.0,13785.0,14309.0,14916.0,15494.0,15820.0,16778.0,17053.0,16932.0,17243.0,17278.0,18436.0,18986.0,19609.0,21139.0,21558.0,22300.0,23437.0
NUTS3,UKI54,Enfield,10899.0,11292.0,11692.0,12589.0,13340.0,13511.0,14068.0,14749.0,15393.0,15829.0,16981.0,17471.0,17421.0,17610.0,17644.0,18795.0,19335.0,20059.0,21394.0,21860.0,21954.0,22635.0
NUTS2,UKI6,Outer London - South,12965.0,13369.0,14162.0,15210.0,15688.0,16079.0,16887.0,17839.0,18701.0,19220.0,20359.0,20688.0,20360.0,20788.0,21117.0,22333.0,23135.0,23758.0,25162.0,25619.0,25711.0,27126.0
NUTS3,UKI61,Bromley,13902.0,14472.0,15261.0,16383.0,16879.0,17255.0,18147.0,19261.0,20178.0,20763.0,21922.0,22195.0,21789.0,22268.0,22797.0,24152.0,24778.0,25872.0,27423.0,27954.0,28240.0,29510.0
NUTS3,UKI62,Croydon,10214.0,10605.0,11418.0,12347.0,12999.0,13454.0,14227.0,15058.0,15837.0,16340.0,17406.0,17680.0,17593.0,17821.0,18073.0,19104.0,19782.0,20149.0,21442.0,21869.0,22315.0,23759.0
NUTS3,UKI63,"Merton, Kingston upon Thames and Sutton",14237.0,14557.0,15311.0,16392.0,16738.0,17098.0,17886.0,18826.0,19709.0,20196.0,21379.0,21786.0,21347.0,21895.0,22182.0,23444.0,24428.0,24950.0,26337.0,26773.0,26522.0,27994.0
NUTS2,UKI7,Outer London - West and North West,13183.0,13672.0,14457.0,15447.0,15991.0,16468.0,17193.0,17773.0,18654.0,19145.0,20304.0,20842.0,20579.0,21028.0,21148.0,22526.0,23669.0,24680.0,26482.0,26824.0,27151.0,28391.0
NUTS3,UKI71,Barnet,12621.0,13337.0,14019.0,15213.0,15713.0,16241.0,16997.0,17711.0,18790.0,19443.0,20840.0,21448.0,20983.0,21545.0,21766.0,23278.0,24198.0,25575.0,28061.0,28702.0,29190.0,30826.0
NUTS3,UKI72,Brent,10766.0,11240.0,12110.0,12926.0,13479.0,14036.0,14747.0,15311.0,16258.0,16696.0,17640.0,18141.0,18202.0,18487.0,18603.0,19985.0,21204.0,22252.0,23663.0,23822.0,23892.0,25102.0
NUTS3,UKI73,Ealing,12923.0,13277.0,13990.0,14869.0,15369.0,15813.0,16579.0,17043.0,17822.0,18228.0,19261.0,19822.0,19631.0,20247.0,20308.0,21801.0,23259.0,24499.0,26300.0,26668.0,27123.0,28226.0
NUTS3,UKI74,Harrow and Hillingdon,11471.0,12072.0,12873.0,13789.0,14463.0,14985.0,15724.0,16309.0,17127.0,17500.0,18603.0,19082.0,18798.0,19197.0,19316.0,20523.0,21515.0,22072.0,23490.0,23875.0,24405.0,25442.0
NUTS3,UKI75,Hounslow and Richmond upon Thames,17484.0,17787.0,18607.0,19762.0,20229.0,20579.0,21222.0,21756.0,22568.0,23176.0,24461.0,25059.0,24719.0,25118.0,25222.0,26596.0,27795.0,28842.0,30827.0,30987.0,31037.0,32297.0
NUTS1,UKJ,South East,12933.0,13191.0,13644.0,14498.0,14897.0,15343.0,15501.0,16051.0,16688.0,17453.0,18304.0,18692.0,19000.0,19105.0,19381.0,20106.0,20838.0,21364.0,22506.0,22784.0,23355.0,24318.0
NUTS2,UKJ1,"Berkshire, Buckinghamshire and Oxfordshire",13669.0,13938.0,14387.0,15387.0,15697.0,16146.0,16341.0,16885.0,17448.0,18422.0,19364.0,19780.0,19999.0,19941.0,20235.0,20984.0,21707.0,22378.0,23726.0,24082.0,24669.0,25819.0
NUTS3,UKJ11,Berkshire,13758.0,14030.0,14438.0,15492.0,15612.0,16076.0,16348.0,16695.0,17344.0,18058.0,19298.0,19665.0,19683.0,19637.0,20019.0,20800.0,21652.0,22134.0,23309.0,23762.0,24168.0,25067.0
NUTS3,UKJ12,Milton Keynes,11135.0,11324.0,11693.0,12381.0,12706.0,13449.0,13747.0,14478.0,15026.0,15514.0,16311.0,16716.0,16687.0,17066.0,17183.0,17521.0,17916.0,18415.0,19579.0,19986.0,20752.0,21717.0
NUTS3,UKJ13,Buckinghamshire CC,15095.0,15428.0,16042.0,17028.0,17701.0,18042.0,18169.0,18843.0,19494.0,20934.0,21862.0,22383.0,22884.0,22791.0,22991.0,23682.0,24382.0,25309.0,26808.0,27414.0,28256.0,30079.0
NUTS3,UKJ14,Oxfordshire,13270.0,13526.0,13938.0,14998.0,15277.0,15702.0,15822.0,16461.0,16862.0,17993.0,18620.0,19038.0,19414.0,19222.0,19554.0,20465.0,21168.0,21960.0,23486.0,23498.0,24054.0,25071.0
NUTS2,UKJ2,"Surrey, East and West Sussex",13991.0,14432.0,14900.0,15700.0,16117.0,16576.0,16719.0,17245.0,18146.0,19054.0,19890.0,20211.0,20406.0,20629.0,20923.0,21740.0,22681.0,23179.0,24420.0,24678.0,25270.0,26295.0
NUTS3,UKJ21,Brighton and Hove,12040.0,12121.0,12610.0,13451.0,13908.0,14493.0,14650.0,15240.0,16031.0,16272.0,16894.0,17435.0,17933.0,17810.0,18043.0,18463.0,19110.0,19563.0,20682.0,20902.0,21722.0,22437.0
NUTS3,UKJ22,East Sussex CC,11816.0,12036.0,12526.0,13196.0,13694.0,14029.0,14272.0,14594.0,15213.0,15869.0,17039.0,17527.0,17847.0,18462.0,18411.0,18923.0,19810.0,20095.0,20987.0,21551.0,22053.0,22881.0
NUTS3,UKJ25,West Surrey,16276.0,16936.0,17580.0,18337.0,18642.0,19197.0,19236.0,19865.0,20977.0,22356.0,23184.0,23473.0,23638.0,23740.0,24120.0,25262.0,26502.0,27261.0,28806.0,28823.0,29389.0,30748.0
NUTS3,UKJ26,East Surrey,15836.0,16625.0,17157.0,17958.0,18209.0,18803.0,18913.0,19482.0,20754.0,22215.0,23089.0,23291.0,23100.0,23178.0,23640.0,24766.0,25707.0,26295.0,27979.0,28105.0,28638.0,29971.0
NUTS3,UKJ27,West Sussex (South West),11472.0,12024.0,12241.0,13144.0,13768.0,14134.0,14347.0,14866.0,15672.0,16296.0,16978.0,17244.0,17562.0,17886.0,18356.0,19047.0,19838.0,20178.0,21387.0,21673.0,22263.0,23276.0
NUTS3,UKJ28,West Sussex (North East),14872.0,14980.0,15233.0,16184.0,16617.0,16985.0,17160.0,17720.0,18420.0,18966.0,19602.0,19783.0,19865.0,20042.0,20313.0,21035.0,21827.0,22238.0,23071.0,23529.0,24210.0,24809.0
NUTS2,UKJ3,Hampshire and Isle of Wight,11747.0,11906.0,12317.0,13117.0,13563.0,14026.0,14173.0,14722.0,15166.0,15701.0,16547.0,17016.0,17471.0,17552.0,17816.0,18514.0,19075.0,19490.0,20480.0,20663.0,21229.0,22095.0
NUTS3,UKJ31,Portsmouth,9375.0,9431.0,10000.0,10802.0,10765.0,11194.0,11325.0,11361.0,11379.0,11584.0,12225.0,12600.0,13173.0,13221.0,13310.0,13433.0,13990.0,14328.0,15259.0,15519.0,15785.0,16297.0
NUTS3,UKJ32,Southampton,9619.0,9540.0,9672.0,10291.0,10616.0,11040.0,11183.0,11566.0,11706.0,12233.0,12958.0,13157.0,13482.0,13525.0,13707.0,14002.0,14384.0,14712.0,15189.0,15633.0,16131.0,16994.0
NUTS3,UKJ34,Isle of Wight,9852.0,10071.0,10339.0,10847.0,11601.0,11852.0,12036.0,12550.0,13207.0,13818.0,14493.0,14862.0,15602.0,15953.0,16175.0,16375.0,16695.0,16810.0,17270.0,17391.0,17856.0,18366.0
NUTS3,UKJ35,South Hampshire,10804.0,11025.0,11486.0,12127.0,12701.0,13294.0,13493.0,14083.0,14585.0,15062.0,15860.0,16342.0,16885.0,16998.0,17278.0,18161.0,18885.0,19251.0,19986.0,19929.0,20605.0,21117.0
NUTS3,UKJ36,Central Hampshire,13465.0,13733.0,14213.0,15263.0,15808.0,16237.0,16385.0,17139.0,17830.0,18554.0,19529.0,20154.0,20535.0,20611.0,21029.0,21972.0,22344.0,22912.0,24285.0,24725.0,25321.0,26302.0
NUTS3,UKJ37,North Hampshire,13917.0,14017.0,14383.0,15268.0,15643.0,16121.0,16211.0,16845.0,17240.0,17685.0,18618.0,19098.0,19470.0,19489.0,19700.0,20605.0,21426.0,21901.0,23266.0,23226.0,23899.0,25364.0
NUTS2,UKJ4,Kent,11580.0,11643.0,12111.0,12921.0,13364.0,13773.0,13921.0,14529.0,15056.0,15571.0,16324.0,16694.0,17136.0,17297.0,17534.0,18109.0,18708.0,19205.0,20084.0,20395.0,20931.0,21655.0
NUTS3,UKJ41,Medway,10828.0,10669.0,11109.0,11740.0,12153.0,12514.0,12657.0,13271.0,13717.0,14120.0,14828.0,15135.0,15632.0,15727.0,15949.0,16275.0,16544.0,16952.0,17786.0,18138.0,18439.0,18885.0
NUTS3,UKJ43,Kent Thames Gateway,10698.0,10803.0,11305.0,11980.0,12378.0,12901.0,13107.0,13589.0,14003.0,14467.0,15193.0,15498.0,15940.0,16086.0,16297.0,16803.0,17323.0,17776.0,18537.0,19095.0,19858.0,20598.0
NUTS3,UKJ44,East Kent,9061.0,9308.0,9832.0,10549.0,11049.0,11548.0,11744.0,12276.0,12864.0,13343.0,14065.0,14483.0,15177.0,15408.0,15751.0,16319.0,16867.0,17277.0,17976.0,18241.0,18710.0,19379.0
NUTS3,UKJ45,Mid Kent,12687.0,12776.0,13220.0,14100.0,14582.0,14830.0,14956.0,15584.0,16067.0,16547.0,17273.0,17623.0,17914.0,18052.0,18193.0,18799.0,19502.0,19926.0,20506.0,20946.0,21523.0,22196.0
NUTS3,UKJ46,West Kent,15797.0,15708.0,16099.0,17268.0,17662.0,18000.0,18063.0,18880.0,19507.0,20207.0,21068.0,21481.0,21613.0,21758.0,21957.0,22783.0,23709.0,24518.0,26068.0,26078.0,26625.0,27655.0
NUTS1,UKK,South West,11134.0,11380.0,11796.0,12368.0,12777.0,13029.0,13327.0,13770.0,14350.0,15087.0,15662.0,16164.0,16310.0,16629.0,16958.0,17376.0,17941.0,18530.0,19278.0,19430.0,19912.0,20907.0
NUTS2,UKK1,"Gloucestershire, Wiltshire and Bath/Bristol area",11574.0,11795.0,12312.0,12971.0,13335.0,13544.0,13815.0,14232.0,14838.0,15570.0,16145.0,16643.0,16719.0,16988.0,17343.0,17796.0,18478.0,19181.0,20059.0,20239.0,20718.0,21794.0
NUTS3,UKK11,"Bristol, City of",10380.0,10507.0,10939.0,11667.0,12118.0,12283.0,12532.0,12934.0,13124.0,13725.0,14402.0,14788.0,14779.0,15193.0,15581.0,15817.0,16364.0,16955.0,17764.0,18276.0,18881.0,19692.0
NUTS3,UKK12,"Bath and North East Somerset, North Somerset and South Gloucestershire",12108.0,12488.0,13083.0,13406.0,13536.0,13705.0,14138.0,14447.0,15056.0,15933.0,16538.0,17215.0,17229.0,17481.0,17874.0,18422.0,19107.0,19737.0,20998.0,20990.0,21453.0,22625.0
NUTS3,UKK13,Gloucestershire,11763.0,11945.0,12435.0,13157.0,13594.0,13683.0,13768.0,14410.0,15390.0,16161.0,16677.0,17256.0,17386.0,17681.0,17958.0,18462.0,19234.0,20176.0,20896.0,20996.0,21461.0,22553.0
NUTS3,UKK14,Swindon,11185.0,11549.0,12179.0,12888.0,13427.0,13897.0,14056.0,14237.0,14636.0,15146.0,15498.0,15777.0,16108.0,15998.0,16274.0,16666.0,17068.0,17726.0,18287.0,18741.0,19111.0,19804.0
NUTS3,UKK15,Wiltshire,11848.0,11923.0,12388.0,13339.0,13774.0,14116.0,14465.0,14860.0,15464.0,16156.0,16772.0,17120.0,17192.0,17494.0,17908.0,18402.0,19224.0,19853.0,20621.0,20732.0,21182.0,22522.0
NUTS2,UKK2,Dorset and Somerset,11353.0,11703.0,12130.0,12687.0,13153.0,13320.0,13752.0,14249.0,14814.0,15662.0,16245.0,16710.0,16637.0,17118.0,17507.0,17868.0,18393.0,19006.0,19728.0,19754.0,20300.0,21417.0
NUTS3,UKK21,Bournemouth and Poole,11422.0,11647.0,12266.0,13046.0,13418.0,13614.0,13900.0,14458.0,15055.0,15807.0,16477.0,16752.0,16375.0,16701.0,16977.0,17318.0,17986.0,18383.0,19374.0,19444.0,19981.0,21334.0
NUTS3,UKK22,Dorset CC,11761.0,12248.0,12615.0,13176.0,13631.0,13882.0,14364.0,14749.0,15306.0,16297.0,16840.0,17336.0,17347.0,17871.0,18438.0,18923.0,19512.0,20214.0,20886.0,20949.0,21529.0,22763.0
NUTS3,UKK23,Somerset,10987.0,11308.0,11666.0,12081.0,12618.0,12701.0,13183.0,13733.0,14285.0,15076.0,15639.0,16196.0,16243.0,16789.0,17112.0,17394.0,17782.0,18465.0,19057.0,19031.0,19559.0,20441.0
NUTS2,UKK3,Cornwall and Isles of Scilly,9895.0,10142.0,10261.0,10832.0,11421.0,11814.0,12036.0,12465.0,12958.0,13589.0,14190.0,14555.0,14895.0,15300.0,15683.0,16065.0,16327.0,16699.0,17190.0,17542.0,17966.0,18568.0
NUTS3,UKK30,Cornwall and Isles of Scilly,9895.0,10142.0,10261.0,10832.0,11421.0,11814.0,12036.0,12465.0,12958.0,13589.0,14190.0,14555.0,14895.0,15300.0,15683.0,16065.0,16327.0,16699.0,17190.0,17542.0,17966.0,18568.0
NUTS2,UKK4,Devon,10576.0,10755.0,11091.0,11509.0,11867.0,12237.0,12474.0,12917.0,13498.0,14172.0,14717.0,15329.0,15769.0,15967.0,16145.0,16574.0,17077.0,17506.0,18129.0,18264.0,18716.0,19588.0
NUTS3,UKK41,Plymouth,9261.0,9511.0,9810.0,10380.0,10570.0,10805.0,11128.0,11477.0,11748.0,12195.0,12742.0,13145.0,13436.0,14089.0,14269.0,14451.0,14809.0,15195.0,15653.0,15719.0,16517.0,17555.0
NUTS3,UKK42,Torbay,10011.0,10084.0,10483.0,11292.0,11300.0,11497.0,11832.0,12246.0,12994.0,13562.0,13870.0,14524.0,14849.0,15167.0,15397.0,15820.0,16282.0,16842.0,17144.0,17527.0,18041.0,18412.0
NUTS3,UKK43,Devon CC,11154.0,11316.0,11649.0,11938.0,12414.0,12862.0,13051.0,13530.0,14187.0,14957.0,15543.0,16218.0,16729.0,16750.0,16919.0,17432.0,17989.0,18409.0,19137.0,19248.0,19567.0,20461.0
NUTS1,UKL,Wales,9436.0,9501.0,9937.0,10616.0,10982.0,11338.0,11727.0,12160.0,12506.0,12912.0,13318.0,13838.0,13842.0,14079.0,14372.0,14832.0,15053.0,15458.0,15897.0,15906.0,16386.0,17100.0
NUTS2,UKL1,West Wales and The Valleys,9207.0,9268.0,9628.0,10209.0,10613.0,10936.0,11294.0,11723.0,12101.0,12462.0,12844.0,13364.0,13411.0,13599.0,13863.0,14359.0,14605.0,14967.0,15344.0,15334.0,15728.0,16387.0
NUTS3,UKL11,Isle of Anglesey,9643.0,9998.0,10142.0,10706.0,10805.0,11126.0,11670.0,12236.0,12498.0,12569.0,13231.0,14005.0,14269.0,14611.0,15013.0,15395.0,15873.0,16074.0,16491.0,16559.0,16980.0,17613.0
NUTS3,UKL12,Gwynedd,8920.0,8957.0,9477.0,9834.0,10420.0,10893.0,11054.0,11682.0,12128.0,12812.0,13034.0,13172.0,13390.0,13606.0,13750.0,14071.0,14373.0,14805.0,15209.0,15142.0,15464.0,16249.0
NUTS3,UKL13,Conwy and Denbighshire,10380.0,10447.0,10657.0,11207.0,11567.0,12015.0,12359.0,12846.0,13509.0,13664.0,13983.0,14616.0,14559.0,14800.0,15307.0,15816.0,15934.0,16325.0,16661.0,16543.0,16920.0,17572.0
NUTS3,UKL14,South West Wales,9137.0,9247.0,9521.0,9646.0,10047.0,10521.0,11002.0,11389.0,12058.0,12796.0,13039.0,13666.0,13823.0,14125.0,14501.0,15036.0,15242.0,15577.0,15924.0,15890.0,16344.0,16964.0
NUTS3,UKL15,Central Valleys,8151.0,8040.0,8437.0,9230.0,9822.0,10275.0,10519.0,11019.0,11444.0,11713.0,12179.0,12525.0,12530.0,12809.0,12925.0,13352.0,13610.0,13905.0,14321.0,14414.0,14984.0,15796.0
NUTS3,UKL16,Gwent Valleys,8869.0,8884.0,9412.0,10257.0,10442.0,10633.0,11102.0,11487.0,11609.0,11666.0,12174.0,12486.0,12392.0,12626.0,13091.0,13646.0,13924.0,14108.0,14612.0,14829.0,15151.0,15587.0
NUTS3,UKL17,Bridgend and Neath Port Talbot,9788.0,9875.0,10135.0,11011.0,11283.0,11243.0,11583.0,11970.0,12237.0,12601.0,13107.0,13523.0,13514.0,13668.0,13701.0,14259.0,14647.0,14990.0,15384.0,15357.0,15808.0,16616.0
NUTS3,UKL18,Swansea,9490.0,9638.0,10070.0,10515.0,11192.0,11520.0,11743.0,12065.0,12156.0,12563.0,12789.0,13786.0,13923.0,13686.0,13737.0,14216.0,14312.0,15055.0,15254.0,14967.0,15130.0,15755.0
NUTS2,UKL2,East Wales,9845.0,9915.0,10483.0,11330.0,11630.0,12044.0,12485.0,12925.0,13213.0,13698.0,14140.0,14658.0,14584.0,14903.0,15243.0,15639.0,15815.0,16295.0,16837.0,16875.0,17499.0,18301.0
NUTS3,UKL21,Monmouthshire and Newport,9913.0,9877.0,10595.0,11651.0,12021.0,12576.0,12840.0,13041.0,13466.0,13972.0,14817.0,15299.0,14880.0,15090.0,15604.0,16182.0,16202.0,16839.0,17378.0,17575.0,18142.0,18896.0
NUTS3,UKL22,Cardiff and Vale of Glamorgan,10022.0,10237.0,10783.0,11433.0,11744.0,12204.0,12705.0,13091.0,13243.0,13830.0,14161.0,14698.0,14743.0,15016.0,15219.0,15469.0,15582.0,16004.0,16524.0,16430.0,17019.0,17690.0
NUTS3,UKL23,Flintshire and Wrexham,9773.0,9790.0,10237.0,11229.0,11434.0,11718.0,12206.0,12720.0,13026.0,13326.0,13678.0,14113.0,14074.0,14422.0,14902.0,15334.0,15760.0,16297.0,16991.0,17148.0,17844.0,18840.0
NUTS3,UKL24,Powys,9281.0,9156.0,9805.0,10638.0,10987.0,11275.0,11720.0,12597.0,13071.0,13561.0,13871.0,14561.0,14607.0,15205.0,15426.0,15937.0,16077.0,16364.0,16660.0,16644.0,17339.0,18295.0
NUTS1,UKM,Scotland,9773.0,10022.0,10398.0,11120.0,11597.0,12077.0,12426.0,12985.0,13470.0,14070.0,14858.0,15466.0,15667.0,15897.0,16259.0,16767.0,17300.0,17700.0,18186.0,18230.0,18617.0,19572.0
NUTS2,UKM5,North Eastern Scotland,11099.0,11302.0,11231.0,12065.0,12652.0,13145.0,13380.0,14304.0,15389.0,16161.0,17249.0,18105.0,18477.0,18853.0,19758.0,20478.0,21634.0,22137.0,22024.0,20780.0,20628.0,21648.0
NUTS3,UKM50,Aberdeen City and Aberdeenshire,11099.0,11302.0,11231.0,12065.0,12652.0,13145.0,13380.0,14304.0,15389.0,16161.0,17249.0,18105.0,18477.0,18853.0,19758.0,20478.0,21634.0,22137.0,22024.0,20780.0,20628.0,21648.0
NUTS2,UKM6,Highlands and Islands,8921.0,9118.0,9337.0,9905.0,10387.0,10871.0,11061.0,11495.0,11941.0,12904.0,13670.0,15119.0,15565.0,15921.0,15943.0,16626.0,17112.0,17404.0,18008.0,18119.0,18423.0,19341.0
NUTS3,UKM61,Caithness and Sutherland and Ross and Cromarty,9771.0,9998.0,10295.0,10787.0,11299.0,11920.0,12050.0,12386.0,12968.0,13820.0,14108.0,14755.0,15398.0,15722.0,16256.0,17161.0,17885.0,17730.0,18375.0,18462.0,18850.0,19683.0
NUTS3,UKM62,"Inverness and Nairn and Moray, Badenoch and Strathspey",8951.0,9113.0,9414.0,9817.0,10240.0,10574.0,10724.0,11062.0,11293.0,12501.0,13434.0,15713.0,15764.0,16128.0,15816.0,16547.0,17107.0,17544.0,18081.0,18120.0,18539.0,19537.0
NUTS3,UKM63,"Lochaber, Skye and Lochalsh, Arran and Cumbrae and Argyll and Bute",8268.0,8466.0,8437.0,9405.0,10049.0,10766.0,11031.0,11529.0,12211.0,13156.0,13850.0,14860.0,15490.0,15812.0,15798.0,16344.0,16525.0,16731.0,17347.0,17723.0,17876.0,18760.0
NUTS3,UKM64,Na h-Eileanan Siar,8688.0,8946.0,8959.0,9409.0,10012.0,10595.0,10862.0,11254.0,11883.0,11565.0,12784.0,13300.0,13814.0,14296.0,14530.0,14742.0,14982.0,15512.0,16728.0,16588.0,16941.0,17931.0
NUTS3,UKM65,Orkney Islands,7974.0,8664.0,9293.0,8989.0,9538.0,9855.0,9965.0,11026.0,11337.0,12406.0,13880.0,14809.0,15804.0,16422.0,17196.0,17789.0,18044.0,18056.0,18005.0,18035.0,18110.0,18783.0
NUTS3,UKM66,Shetland Islands,9380.0,9216.0,9516.0,10737.0,10614.0,10715.0,11134.0,11951.0,12458.0,13388.0,13910.0,15199.0,16774.0,16950.0,16914.0,17503.0,18228.0,19393.0,20226.0,20264.0,20049.0,20890.0
NUTS2,UKM7,Eastern Scotland,10210.0,10524.0,10962.0,11682.0,12205.0,12677.0,13108.0,13729.0,14136.0,14738.0,15527.0,16008.0,16087.0,16264.0,16755.0,17287.0,17809.0,18174.0,18702.0,18883.0,19440.0,20448.0
NUTS3,UKM71,Angus and Dundee City,9388.0,9568.0,9915.0,10696.0,11280.0,11827.0,11962.0,12383.0,12490.0,12958.0,13798.0,14690.0,14669.0,14565.0,14926.0,15309.0,16015.0,16457.0,16829.0,16995.0,17177.0,18103.0
NUTS3,UKM72,Clackmannanshire and Fife,9112.0,9468.0,9798.0,10436.0,10793.0,11347.0,11703.0,12244.0,12566.0,12648.0,13669.0,14311.0,14586.0,14824.0,15053.0,15530.0,16156.0,16484.0,17118.0,17316.0,17796.0,18751.0
NUTS3,UKM73,East Lothian and Midlothian,10094.0,10365.0,10895.0,11446.0,11657.0,12003.0,12988.0,13940.0,14628.0,15150.0,15857.0,16468.0,16668.0,17353.0,17716.0,18066.0,18995.0,19528.0,19999.0,19859.0,20751.0,21864.0
NUTS3,UKM75,City of Edinburgh,12195.0,12633.0,13262.0,14084.0,14726.0,15357.0,15731.0,16256.0,16862.0,17754.0,18229.0,18600.0,18723.0,18846.0,19499.0,20255.0,20496.0,20826.0,21457.0,21619.0,22225.0,23374.0
NUTS3,UKM76,Falkirk,8788.0,8983.0,9613.0,10053.0,10631.0,11066.0,11538.0,12019.0,12477.0,13160.0,13946.0,14478.0,14313.0,14225.0,14789.0,15456.0,15822.0,15946.0,16361.0,16745.0,17232.0,18369.0
NUTS3,UKM77,Perth and Kinross and Stirling,11343.0,11585.0,11581.0,12275.0,12987.0,12979.0,13536.0,14817.0,15217.0,16275.0,16905.0,17097.0,17143.0,17243.0,18174.0,18583.0,19031.0,19276.0,19709.0,19873.0,20558.0,21561.0
NUTS3,UKM78,West Lothian,8498.0,8828.0,9482.0,10499.0,11038.0,11615.0,12103.0,12415.0,12615.0,13301.0,14582.0,14552.0,14293.0,14627.0,14901.0,15343.0,15858.0,16405.0,16836.0,17126.0,17732.0,18267.0
NUTS2,UKM8,West Central Scotland,9398.0,9607.0,10147.0,10914.0,11352.0,11756.0,12080.0,12430.0,12852.0,13350.0,14079.0,14576.0,14755.0,14828.0,15008.0,15439.0,15815.0,16267.0,16824.0,17049.0,17432.0,18359.0
NUTS3,UKM81,"East Dunbartonshire, West Dunbartonshire and Helensburgh and Lomond",9449.0,9743.0,10865.0,11777.0,12088.0,12605.0,12843.0,13259.0,13918.0,14585.0,15186.0,15944.0,16212.0,16574.0,16879.0,17456.0,17692.0,17949.0,18779.0,18989.0,19621.0,20853.0
NUTS3,UKM82,Glasgow City,9054.0,9242.0,9722.0,10435.0,10827.0,11320.0,11739.0,12041.0,12265.0,12816.0,13607.0,13852.0,14057.0,14004.0,14134.0,14524.0,14735.0,15172.0,15547.0,15914.0,16340.0,17145.0
NUTS3,UKM83,"Inverclyde, East Renfrewshire and Renfrewshire",10487.0,10683.0,11124.0,11960.0,12595.0,12779.0,13040.0,13412.0,13957.0,14550.0,15183.0,15893.0,16083.0,16121.0,16246.0,16733.0,17400.0,17767.0,18666.0,18596.0,18780.0,19730.0
NUTS3,UKM84,North Lanarkshire,8811.0,9006.0,9346.0,10027.0,10430.0,10839.0,11122.0,11495.0,11982.0,12178.0,13002.0,13553.0,13631.0,13784.0,14042.0,14404.0,14869.0,15564.0,15937.0,16234.0,16597.0,17541.0
NUTS2,UKM9,Southern Scotland,9302.0,9535.0,9808.0,10472.0,10870.0,11475.0,11840.0,12488.0,12952.0,13441.0,14172.0,14666.0,14930.0,15363.0,15635.0,16002.0,16489.0,16862.0,17389.0,17505.0,17866.0,18745.0
NUTS3,UKM91,Scottish Borders,9607.0,10014.0,10223.0,10989.0,11365.0,11827.0,12711.0,13443.0,14007.0,14641.0,15298.0,15924.0,16244.0,16676.0,16978.0,16971.0,17691.0,18588.0,18964.0,19285.0,19571.0,20243.0
NUTS3,UKM92,Dumfries and Galloway,9382.0,9607.0,9786.0,10298.0,10569.0,11053.0,11447.0,12031.0,12206.0,12891.0,13734.0,14510.0,15062.0,15283.0,15471.0,15989.0,16388.0,16776.0,17362.0,17651.0,17799.0,18482.0
NUTS3,UKM93,East Ayrshire and North Ayrshire mainland,8459.0,8554.0,8707.0,9457.0,10070.0,10647.0,10966.0,11589.0,11985.0,12394.0,13185.0,13398.0,13628.0,14184.0,14341.0,14613.0,15306.0,15646.0,16067.0,16038.0,16422.0,17316.0
NUTS3,UKM94,South Ayrshire,9630.0,9826.0,10243.0,10803.0,11443.0,11931.0,12614.0,13302.0,13652.0,14426.0,14817.0,15502.0,15820.0,16301.0,16732.0,17339.0,17806.0,18108.0,18425.0,18647.0,18793.0,19825.0
NUTS3,UKM95,South Lanarkshire,9735.0,10039.0,10426.0,11093.0,11290.0,12070.0,12154.0,12808.0,13471.0,13770.0,14546.0,15012.0,15124.0,15545.0,15881.0,16300.0,16581.0,16809.0,17521.0,17556.0,18095.0,19072.0
NUTS1,UKN,Northern Ireland,8717.0,8765.0,9105.0,9652.0,9876.0,10461.0,10898.0,11479.0,12113.0,12685.0,13009.0,13235.0,13382.0,13597.0,13962.0,14218.0,14769.0,15218.0,15694.0,15910.0,16556.0,17340.0
NUTS2,UKN0,Northern Ireland,8717.0,8765.0,9105.0,9652.0,9876.0,10461.0,10898.0,11479.0,12113.0,12685.0,13009.0,13235.0,13382.0,13597.0,13962.0,14218.0,14769.0,15218.0,15694.0,15910.0,16556.0,17340.0
NUTS3,UKN06,Belfast,9881.0,9984.0,10299.0,10888.0,11103.0,11593.0,11667.0,12003.0,12290.0,12785.0,12945.0,13533.0,13817.0,13948.0,14144.0,14422.0,14962.0,15142.0,15409.0,15437.0,15950.0,16706.0
NUTS3,UKN07,"Armagh City, Banbridge and Craigavon",8579.0,8646.0,8976.0,9282.0,9544.0,10130.0,10586.0,11306.0,11934.0,12693.0,13154.0,13281.0,13291.0,13594.0,13894.0,13905.0,14626.0,15406.0,15799.0,15613.0,16275.0,17037.0
NUTS3,UKN08,"Newry, Mourne and Down",8422.0,8520.0,8835.0,9310.0,9454.0,10001.0,10558.0,11174.0,12026.0,12701.0,12931.0,13066.0,13119.0,13281.0,13754.0,13873.0,14364.0,14770.0,14826.0,15084.0,15742.0,16535.0
NUTS3,UKN09,Ards and North Down,9537.0,9570.0,9910.0,10547.0,10794.0,11446.0,11812.0,12283.0,12890.0,13476.0,13985.0,14387.0,14523.0,14735.0,15138.0,15482.0,16145.0,16410.0,16802.0,17268.0,18245.0,19160.0
NUTS3,UKN10,Derry City and Strabane,7029.0,7044.0,7397.0,7768.0,8140.0,8911.0,9500.0,10203.0,11134.0,11645.0,11805.0,11795.0,12018.0,12415.0,12794.0,13092.0,13534.0,13959.0,14052.0,14259.0,14666.0,15348.0
NUTS3,UKN11,Mid Ulster,7719.0,7780.0,8159.0,8615.0,8756.0,9206.0,9973.0,10801.0,11518.0,12091.0,12312.0,12207.0,12218.0,12433.0,12868.0,12977.0,13472.0,14165.0,14704.0,15161.0,16082.0,16859.0
NUTS3,UKN12,Causeway Coast and Glens,7067.0,7047.0,7395.0,7861.0,8360.0,9131.0,9628.0,10218.0,11188.0,11730.0,11829.0,11716.0,12100.0,12520.0,13131.0,13326.0,13783.0,14279.0,15361.0,15943.0,16794.0,17723.0
NUTS3,UKN13,Antrim and Newtownabbey,9330.0,9342.0,9703.0,10495.0,10651.0,11265.0,11664.0,12225.0,12718.0,13221.0,13828.0,14175.0,14257.0,14347.0,14802.0,15210.0,15791.0,16305.0,16550.0,16347.0,16677.0,17213.0
NUTS3,UKN14,Lisburn and Castlereagh,9403.0,9394.0,9797.0,10708.0,10942.0,11538.0,12012.0,12550.0,13140.0,13561.0,14168.0,14489.0,14568.0,14715.0,14979.0,15535.0,16259.0,16686.0,17898.0,18460.0,19030.0,20011.0
NUTS3,UKN15,Mid and East Antrim,9250.0,9307.0,9619.0,10347.0,10329.0,10953.0,11424.0,12014.0,12568.0,13210.0,13718.0,14054.0,14190.0,14335.0,14689.0,15105.0,15687.0,16354.0,16962.0,17085.0,17745.0,18577.0
NUTS3,UKN16,Fermanagh and Omagh,7649.0,7716.0,8111.0,8433.0,8688.0,9141.0,9942.0,10776.0,11588.0,12210.0,12394.0,12360.0,12429.0,12641.0,13027.0,13224.0,13481.0,13822.0,14685.0,15232.0,15916.0,16569.0
,,,,,,,,,,,,,,,,,,,,,,,,
1 Provisional. ,,,,,,,,,,,,,,,,,,,,,,,,
